38 39 4
39 40 7
40 41 4
41 42 2
42 43 2
43 44 4
44 45 3
45 46 2
46 47 2
47 48 2
48 49 2
49 50 2
50 51 2
51 52 4
52 53 2
53 54 8
54 55 2
55 56 1
56 57 2
57 58 3
58 16 2
16 59 2
59 60 2
60 61 2
61 62 2
62 63 2
63 64 2
64 65 2
65 66 2
66 67 2
67 68 2
68 69 2
69 70 2
70 71 2
71 72 2
72 73 2
73 74 2
74 75 2
75 76 2
76 77 2
77 78 3
78 79 3
79 80 2
80 81 2
81 82 2
82 83 2
83 84 2
84 85 2
85 86 2
54 87 1
87 88 3
88 89 2
89 90 3
90 91 2
91 92 4
92 93 3
144 203	4
203 204	1
204 205	3
205 206	3
206 207	2
207 208	2
208 209	1
209 210	3
210 211	2
211 212	3
212 213	2
213 214	3
214 215	2
215 216	2
216 217	5
217 218	2
218 219	3
219 220	3
220 221	3
221 222	4
203 223	3
223 65 2
78 228 2
228 229 3
229 230 4
73 152 2
152 153	2
153 154	3
154 155	4
155 156	4
156 157	2
157 158	4
158 159	2
159 160	3
160 161	2
161 25 3
25 162 2
162 163	1
163 164	2
164 165	4
165 166	1
166 167	2
167 168	1
168 169	4
169 170	3
170 171	4
171 172	2
172 173	3
173 46 2
15 224 2
224 225	7
225 226	9
226 227 7
227 86 5
94 6	2
6 95	5
95 96	2
96 97 1
97 98 3
98 99 4
99 68 2
68 100 2
100 101	2
101 102	3
102 103	4
103 104	2
104 105	3
105 106	3
106 22 2
22 107 2
107 108	2
108 109	2
109 110	1
110 111	4
111 52 5
52 112 1
112 113	1
113 114	3
114 115	3
115 116	2
116 91 2
90 117 4
117 118	4
118 119	3
119 120	2
120 121	3
121 122	3
122 123	3
123 124	2
124 125	2
126 127	2
127 128	2
128 129 2
129 130 3
130 131 2
131 132	3
132 133	2
133 134	3
134 135	1
135 136	3
136 137	3
137 120	2
120 138	3
138 139	3
139 12 4
12 140 1
140 141	3
141 142	2
142 143	3
14 144 3
144 145	3
145 146	2
146 96 3
96 147 2
147 148	2
148 149 3
149 150	3
150 151	2
12 174 3
174 175 2
175 176 3
176 177 3
177 57 1
57 178 3
178 18 1
18 179 3
179 180	2
180 181	2
181 108	3
108 182	2
182 183	3
183 184	2
184 166	1
166 185	3
185 186	2
186 187	3
187 188	2
188 189	2
189 190	3
190 191	2
191 192	3
192 193	5
193 194	2
194 195	2
195 196	3
196 197	2
197 198	2
198 199	3
199 200	3
200 201	3
201 202	4
1 2 3
2 3 4
3 4 3
4 5 1
5 6 4
6 7 2
7 8 2
8 9 2
9 10 2
10 11 3
11 12 2
12 13 4
13 14 1
14 15 2
15 16 3
16 17 3
17 18 2
18 19 2
19 20 3
20 21 3
21 22 2
22 23 3
23 24 2
24 25 2
25 26 3
26 27 3
27 28 3
28 29 3
29 30 2
30 31 2
31 32 4
32 33 4
33 34 2
34 35 3
35 36 3
36 37 2
225 103 0